509
896
466
244
167
463
578
426
570
707
321
415
441
791
156
926
66
927
837
111
482
396
367
908
691
669
961
837
377
167
582
886
415
400
482
582
863
412
360
785
120
33
552
913
825
708
839
891
635
28
355
470
424
74
730
115
95
692
305
473
211
239
711
626
639
194
209
854
958
569
640
430
603
192
343
428
901
534
671
888
914
26
710
338
453
441
806
548
133
463
373
344
702
85
970
341
631
531
195
589
101
187
20
704
380
715
132
633
602
155
521
516
534
584
207
987
25
365
887
158
828
261
854
530
346
176
223
329
708
770
918
809
958
290
865
338
358
349
971
312
504
844
180
38
428
739
25
805
104
265
963
284
526
169
166
224
346
741
553
406
512
823
567
470
466
432
160
176
781
483
488
285
679
668
676
460
408
53
265
864
318
581
149
844
102
667
420
800
409
973
206
921
149
773
743
615
205
255
143
338
90
983
976
769
3
652
581
411
705
847
628
376
780
129
220
882
796
641
683
205
966
241
478
115
15
573
82
572
828
577
263
918
560
239
40
564
243
621
327
948
820
955
676
952
436
897
835
233
890
870
790
208
111
621
324
478
194
758
403
375
336
666
645
248
257
685
812
500
659
140
800
831
447
477
784
884
726
619
469
616
841
611
824
304
232
500
135
779
611
538
506
299
556
503
547
813
541
360
665
200
852
465
31
299
942
815
535
668
786
4
636
979
616
813
284
200
313
771
331
276
309
189
575
217
693
475
30
234
187
695
786
39
512
169
338
455
337
226
475
475
230
464
455
198
277
91
751
942
862
82
219
523
624
146
740
317
621
122
903
808
169
689
199
681
210
890
488
547
116
964
23
346
780
478
897
57
921
648
999
783
82
570
306
706
69
398
375
690
520
630
851
689
671
402
722
882
292
211
429
760
527
804
107
307
634
356
364
555
4
715
338
438
638
996
497
707
746
224
749
266
855
952
307
878
355
30
760
999
593
542
760
120
346
219
427
981
575
143
536
931
210
227
369
848
575
866
907
322
91
657
940
298
609
600
176
316
630
289
316
575
831
76
695
529
295
474
510
222
969
399
153
179
978
522
380
905
741
287
579
184
296
520
834
258
472
362
574
454
651
242
29
834
670
724
364
965
550
226
539
519
