163
386
577
329
32
266
958
177
454
384
178
137
998
793
525
836
578
766
487
737
26
515
240
825
6
926
429
989
842
775
432
5
513
10
335
545
276
293
74
82
29
252
571
27
397
97
863
976
863
703
713
889
570
953
66
576
231
495
917
73
622
350
78
135
360
765
680
988
410
755
71
440
359
642
819
757
739
683
733
954
738
798
843
308
103
262
236
334
109
154
407
732
856
837
867
216
955
900
556
717
7
627
509
366
622
329
475
361
364
560
668
102
358
511
410
461
125
998
147
235
152
906
319
8
96
538
576
51
438
485
768
797
112
630
164
86
959
991
800
323
552
468
777
910
331
539
724
457
537
871
44
42
778
363
50
874
901
979
277
692
464
397
489
928
27
5
367
338
349
167
661
901
635
790
811
966
329
887
775
867
759
819
909
889
534
311
115
788
642
392
832
458
141
673
739
169
31
106
507
380
273
521
281
260
311
444
226
993
332
354
860
443
525
121
684
60
784
799
200
427
543
32
237
684
705
976
205
736
82
713
116
355
586
749
615
249
194
194
242
878
548
454
673
73
927
357
485
712
156
685
491
51
717
728
735
775
705
293
511
139
6
980
847
944
729
462
193
275
8
788
505
908
594
178
334
522
535
171
586
43
857
77
94
926
157
182
701
214
475
565
354
833
897
201
129
978
15
322
254
376
462
759
284
57
938
970
579
825
142
517
869
351
946
315
277
103
849
331
670
676
248
24
509
145
577
638
123
944
313
729
320
775
841
957
184
779
279
115
956
421
632
177
124
578
493
402
34
694
85
704
371
333
80
880
830
9
871
305
953
536
35
626
663
876
935
848
7
214
963
963
636
948
141
112
878
986
514
912
680
951
968
51
636
400
284
818
409
507
124
715
43
511
693
58
739
628
906
746
842
222
61
830
170
554
943
400
892
809
313
573
113
633
976
749
34
612
568
795
471
44
862
866
555
555
925
294
535
831
392
378
405
805
560
927
712
503
328
604
665
641
529
778
626
506
527
12
470
447
808
942
491
22
160
398
930
85
692
465
917
436
195
322
594
756
602
306
611
930
910
276
923
440
406
549
298
934
562
768
733
722
62
225
96
223
623
26
308
668
492
577
456
687
252
50
795
854
356
407
136
267
